22
0 22 58 90 92 46 36 20 54 77 12 78 48 48 73 41 37 14 92 19 82 24 
22 0 52 31 45 39 24 77 4 14 65 1 87 99 21 43 86 72 26 2 47 48 
58 52 0 87 8 21 7 9 60 92 53 56 94 39 6 89 40 87 45 11 71 41 
90 31 87 0 85 57 41 81 31 75 16 78 9 7 5 74 64 35 10 13 34 50 
92 45 8 85 0 62 7 69 64 73 72 5 10 30 58 83 12 84 69 12 99 65 
46 39 21 57 62 0 1 40 68 93 62 75 11 20 81 47 28 23 0 40 18 62 
36 24 7 41 7 1 0 8 98 83 41 88 32 94 34 0 8 55 43 81 23 86 
20 77 9 81 69 40 8 0 0 66 69 39 51 77 1 29 48 77 81 5 26 71 
54 4 60 31 64 68 98 0 0 84 50 11 52 36 40 48 43 57 33 79 95 19 
77 14 92 75 73 93 83 66 84 0 94 91 98 49 96 5 63 54 100 6 43 8 
12 65 53 16 72 62 41 69 50 94 0 36 100 50 13 17 7 56 63 18 56 80 
78 1 56 78 5 75 88 39 11 91 36 0 37 36 90 14 74 10 73 69 31 59 
48 87 94 9 10 11 32 51 52 98 100 37 0 58 46 97 62 15 81 87 3 23 
48 99 39 7 30 20 94 77 36 49 50 36 58 0 27 30 72 37 49 51 51 87 
73 21 6 5 58 81 34 1 40 96 13 90 46 27 0 70 55 85 25 72 51 87 
41 43 89 74 83 47 0 29 48 5 17 14 97 30 70 0 11 44 21 25 25 69 
37 86 40 64 12 28 8 48 43 63 7 74 62 72 55 11 0 34 25 83 88 100 
14 72 87 35 84 23 55 77 57 54 56 10 15 37 85 44 34 0 92 4 91 1 
92 26 45 10 69 0 43 81 33 100 63 73 81 49 25 21 25 92 0 5 48 76 
19 2 11 13 12 40 81 5 79 6 18 69 87 51 72 25 83 4 5 0 95 64 
82 47 71 34 99 18 23 26 95 43 56 31 3 51 51 25 88 91 48 95 0 48 
24 48 41 50 65 62 86 71 19 8 80 59 23 87 87 69 100 1 76 64 48 0 
RBRBBBBBBRRBRRBBRBRRRR
