30
0 21 32 78 7 7 86 18 93 86 9 39 11 81 68 68 10 13 76 12 6 90 54 83 67 84 78 74 56 31 
21 0 36 73 91 11 49 71 64 69 76 93 85 92 85 53 40 50 94 88 56 4 46 41 4 16 67 54 69 99 
32 36 0 49 71 99 70 33 50 13 86 50 58 0 3 53 48 75 22 36 61 99 81 87 72 44 31 57 67 4 
78 73 49 0 1 50 28 55 57 88 53 25 83 29 100 27 66 79 76 58 69 33 7 41 22 59 48 89 81 36 
7 91 71 1 0 72 30 50 53 43 33 91 70 89 86 27 72 70 2 13 71 60 28 80 47 30 32 59 29 94 
7 11 99 50 72 0 66 5 6 5 96 45 54 20 30 7 67 38 92 93 33 1 29 72 36 43 57 73 28 47 
86 49 70 28 30 66 0 52 36 79 50 10 47 52 76 17 88 0 28 18 8 88 30 17 47 7 76 26 47 18 
18 71 33 55 50 5 52 0 21 33 30 45 76 82 29 94 5 96 18 90 52 75 89 86 60 38 36 71 35 44 
93 64 50 57 53 6 36 21 0 35 96 83 91 51 62 60 10 76 80 6 55 61 85 60 3 64 80 75 37 71 
86 69 13 88 43 5 79 33 35 0 31 20 39 87 27 60 69 77 85 58 44 3 6 13 67 92 19 19 71 60 
9 76 86 53 33 96 50 30 96 31 0 30 56 31 27 52 14 10 86 58 39 40 46 33 51 12 15 13 74 84 
39 93 50 25 91 45 10 45 83 20 30 0 14 83 33 89 83 31 46 37 79 13 90 30 93 98 33 24 10 50 
11 85 58 83 70 54 47 76 91 39 56 14 0 84 3 42 66 2 63 96 29 30 94 83 84 42 71 30 59 85 
81 92 0 29 89 20 52 82 51 87 31 83 84 0 47 35 2 98 43 4 16 97 0 92 78 86 32 96 60 13 
68 85 3 100 86 30 76 29 62 27 27 33 3 47 0 57 18 93 92 57 30 65 58 34 10 99 88 82 42 47 
68 53 53 27 27 7 17 94 60 60 52 89 42 35 57 0 89 83 11 51 59 97 11 19 41 7 80 59 86 5 
10 40 48 66 72 67 88 5 10 69 14 83 66 2 18 89 0 87 46 31 46 59 51 64 85 86 50 6 80 42 
13 50 75 79 70 38 0 96 76 77 10 31 2 98 93 83 87 0 44 99 74 99 4 94 7 24 88 41 6 38 
76 94 22 76 2 92 28 18 80 85 86 46 63 43 92 11 46 44 0 19 33 75 75 100 54 29 24 54 29 90 
12 88 36 58 13 93 18 90 6 58 58 37 96 4 57 51 31 99 19 0 67 40 59 8 46 43 11 2 83 43 
6 56 61 69 71 33 8 52 55 44 39 79 29 16 30 59 46 74 33 67 0 26 1 88 35 65 68 35 50 83 
90 4 99 33 60 1 88 75 61 3 40 13 30 97 65 97 59 99 75 40 26 0 64 89 83 84 53 36 20 90 
54 46 81 7 28 29 30 89 85 6 46 90 94 0 58 11 51 4 75 59 1 64 0 74 7 47 44 58 1 10 
83 41 87 41 80 72 17 86 60 13 33 30 83 92 34 19 64 94 100 8 88 89 74 0 90 4 38 80 70 26 
67 4 72 22 47 36 47 60 3 67 51 93 84 78 10 41 85 7 54 46 35 83 7 90 0 55 59 82 79 95 
84 16 44 59 30 43 7 38 64 92 12 98 42 86 99 7 86 24 29 43 65 84 47 4 55 0 4 74 26 6 
78 67 31 48 32 57 76 36 80 19 15 33 71 32 88 80 50 88 24 11 68 53 44 38 59 4 0 96 47 73 
74 54 57 89 59 73 26 71 75 19 13 24 30 96 82 59 6 41 54 2 35 36 58 80 82 74 96 0 68 36 
56 69 67 81 29 28 47 35 37 71 74 10 59 60 42 86 80 6 29 83 50 20 1 70 79 26 47 68 0 74 
31 99 4 36 94 47 18 44 71 60 84 50 85 13 47 5 42 38 90 43 83 90 10 26 95 6 73 36 74 0 
BBRRBRBRRBBRRBBRBRBBRBBBBRRRRR
