16
0 34 57 71 32 84 29 7 13 41 75 74 12 35 31 51 
34 0 74 80 64 42 31 34 43 12 86 38 84 72 42 22 
57 74 0 54 74 99 2 86 0 53 63 98 99 76 100 4 
71 80 54 0 1 57 21 71 72 62 84 23 36 28 91 13 
32 64 74 1 0 1 98 66 13 84 58 27 60 54 83 66 
84 42 99 57 1 0 39 38 40 14 49 66 54 79 23 100 
29 31 2 21 98 39 0 46 11 33 2 27 89 58 28 94 
7 34 86 71 66 38 46 0 33 24 36 60 57 84 48 6 
13 43 0 72 13 40 11 33 0 78 11 78 12 16 84 5 
41 12 53 62 84 14 33 24 78 0 39 62 5 56 66 63 
75 86 63 84 58 49 2 36 11 39 0 35 21 96 89 71 
74 38 98 23 27 66 27 60 78 62 35 0 52 17 82 63 
12 84 99 36 60 54 89 57 12 5 21 52 0 83 14 15 
35 72 76 28 54 79 58 84 16 56 96 17 83 0 33 2 
31 42 100 91 83 23 28 48 84 66 89 82 14 33 0 72 
51 22 4 13 66 100 94 6 5 63 71 63 15 2 72 0 
RBBRRRRBRRBBBBRB
